# PACS 160 micron aperture photometry (in Jy); the average
# value is the average of the measurements from different
# groups (the individual measurements are listed in columns
# Group1 to Group4, their number is given in column "N");
# the "Unc" column is the uncertainty of the photometric
# measurement, while "St.dev." is the standard deviation
# of the individual measurements
          Average      Unc      St.dev.   N     Group1     Group2     Group3     Group4
 HOPS      P160       P160       P160     N       P160       P160       P160       P160
   1      3.8363     0.2039     0.0000    1     3.8363
   2      0.5042     0.0657     0.0000    1     0.5042
   3      0.2621     0.0163     0.0000    1     0.2621
   4      0.5926     0.0329     0.0000    1     0.5926
   5      0.6885     0.0419     0.0000    1     0.6885
   7      1.7917     0.0928     0.0000    1     1.7917
  10     17.6970     0.9111     0.0000    1    17.6970
  11     36.4095     1.8608     0.4646    2    36.7380    36.0810
  12     46.2140     2.4056     3.4875    2    48.6800    43.7480
  13      1.0708     0.0733     0.0970    2     1.0022     1.1394
  18      7.8500     0.5549     0.6555    2     7.3865     8.3135
  20      3.2608     0.1756     0.0000    1     3.2608
  28      3.8635     0.2504     0.0000    1     3.8635
  29      6.4265     0.3977     0.0000    1     6.4265
  30     12.8100     0.6941     0.4342    2    13.1170    12.5030
  32      9.4695     0.5461     0.1829    2     9.5988     9.3402
  40     39.6800     2.3401     0.0000    1    39.6800
  41     10.5660     0.5732     0.4087    2    10.8550    10.2770
  43     33.7700     2.0615     2.0181    2    35.1970    32.3430
  50     20.2740     1.1058     0.0000    1    20.2740
  53    102.9800     5.2592     0.0000    1   102.9800
  56    151.4200     8.5322     5.9454    3   149.9900   146.3200   157.9500
  59     66.6902     6.6266     1.9783    4    67.3040    68.3760    63.8260    67.2550
  75     49.2673     4.0489     0.1775    3    49.4720    49.1740    49.1560
  78     55.0170     3.7907     0.0000    1    55.0170
  84    132.2775     7.1203     3.3246    4   136.4500   130.9000   128.6500   133.1100
  85     58.7175     3.2999     0.9034    4    59.5830    59.0190    57.4530    58.8150
  87    238.5050    12.2686     2.8355    2   240.5100   236.5000
  88    104.8450     6.1787    17.8827    2   117.4900    92.2000
  91     48.2270     3.7004     0.0000    1    48.2270
  92     75.7720     4.7371     2.6347    2    73.9090    77.6350
  94     46.8230     2.8205     0.0000    1    46.8230
  95     11.4900     0.8061     0.0000    1    11.4900
  96     51.2500     2.8023     3.0123    2    53.3800    49.1200
  99      8.8513     0.4621     0.0000    1     8.8513
 105      1.0119     0.0772     0.0000    1     1.0119
 107      5.5558     0.5364     0.0000    1     5.5558
 108    611.1550    34.0009     1.9568    4   611.5800   610.9200   608.6900   613.4300
 111     97.1127     5.7280     3.6509    4    97.3510    95.9260   101.9500    93.2240
 115      0.3253     0.0440     0.1586    2     0.2132     0.4374
 116      0.7410     0.0560     0.1228    2     0.6542     0.8278
 117      0.3657     0.0259     0.0000    1     0.3657
 119      0.8137     0.0453     0.0000    1     0.8137
 120      0.9205     0.0627     0.0000    1     0.9205
 123      2.4714     0.1267     0.0083    2     2.4773     2.4656
 124    236.0700    11.9940     0.0000    1   236.0700
 127      1.2739     0.0704     0.0000    1     1.2739
 128      0.5584     0.0407     0.0000    1     0.5584
 129      7.3640     0.3797     0.0000    1     7.3640
 130      2.4552     0.1312     0.0124    2     2.4640     2.4464
 133      9.3692     0.4818     0.1288    2     9.4602     9.2781
 134      3.2846     0.1723     0.0619    2     3.2408     3.3284
 135      2.5288     0.1331     0.0110    2     2.5366     2.5210
 136      2.1078     0.1148     0.0832    3     2.0442     2.2020     2.0772
 139      7.3610     0.3906     0.0000    1     7.3610
 140      2.4096     0.1667     0.7166    2     2.9163     1.9029
 145      6.1506     0.4289     0.0000    1     6.1506
 148      0.6457     0.0462     0.0000    1     0.6457
 149      5.8825     0.3129     0.0000    1     5.8825
 150      9.5778     0.4930     0.0000    1     9.5778
 152      3.8706     0.2115     0.0000    1     3.8706
 153     29.5590     1.4964     0.0000    1    29.5590
 156      1.7076     0.0937     0.0000    1     1.7076
 157     11.0620     0.5599     0.0000    1    11.0620
 158      2.1112     0.1242     0.0000    1     2.1112
 160      7.3512     0.3934     0.0000    1     7.3512
 163      0.7654     0.0431     0.0000    1     0.7654
 164      4.0956     0.2305     0.0000    1     4.0956
 166     15.7467     0.8203     0.2826    3    15.6820    15.5020    16.0560
 168    123.8400     6.2887     3.8608    2   121.1100   126.5700
 169     28.8370     1.4610     0.0000    1    28.8370
 170      0.9046     0.0625     0.0000    1     0.9046
 171      9.1576     0.4783     0.0000    1     9.1576
 172      2.7387     0.1540     0.0866    2     2.6774     2.7999
 173     13.0380     0.8916     0.0000    1    13.0380
 174     12.1500     0.8264     0.0000    1    12.1500
 176      9.8303     0.7315     0.0000    1     9.8303
 177      1.9487     0.1785     0.0000    1     1.9487
 178     40.1990     2.1062     0.0000    1    40.1990
 179      6.1736     0.3863     0.0000    1     6.1736
 182    265.0500    13.6700     0.0000    1   265.0500
 185      7.6766     0.4242     0.0000    1     7.6766
 186      2.2223     0.1242     0.0000    1     2.2223
 188     34.2710     1.7698     0.0000    1    34.2710
 189     10.1950     0.6050     0.0000    1    10.1950
 191      2.2770     0.1382     0.0000    1     2.2770
 192      8.4546     0.5217     0.0000    1     8.4546
 193      2.8240     0.3595     0.0000    1     2.8240
 194     12.2860     0.6450     0.0000    1    12.2860
 198      7.1967     0.3707     0.0000    1     7.1967
 199      0.3508     0.0288     0.0000    1     0.3508
 203    105.2300     5.3083     0.3111    2   105.0100   105.4500
 204      6.2002     0.3126     0.0000    1     6.2002
 206     14.2110     0.7179     0.0000    1    14.2110
 207      0.6786     0.0411     0.0000    1     0.6786
 209      0.2241     0.0143     0.0451    2     0.2559     0.1922
 210      3.1098     0.1660     0.1225    2     3.1965     3.0232
 211      2.5884     0.1330     0.0000    1     2.5884
 212      2.5968     0.1337     0.0000    1     2.5968
 213      1.0941     0.0582     0.0458    2     1.0617     1.1265
 214      0.0952     0.0118     0.0000    1     0.0952
 215      0.9821     0.0533     0.0000    1     0.9821
 216      1.3033     0.0741     0.0151    2     1.2926     1.3140
 219      4.3276     0.2227     0.1226    2     4.2409     4.4143
 221     15.5730     0.7842     0.0000    1    15.5730
 222      0.1624     0.0225     0.0430    2     0.1928     0.1320
 223     20.7290     1.0487     0.0000    1    20.7290
 224     14.4660     0.7383     0.0325    2    14.4890    14.4430
 226      2.4285     0.1383     0.0095    2     2.4352     2.4217
 227      0.4164     0.0303     0.0263    2     0.3977     0.4350
 228     13.7200     0.6972     0.1711    2    13.5990    13.8410
 229      0.5712     0.0470     0.0507    2     0.5353     0.6070
 232      0.7531     0.0535     0.0000    1     0.7531
 234      7.2871     0.4134     0.0000    1     7.2871
 235      1.9075     0.1119     0.1129    3     1.8945     1.8016     2.0263
 236      6.0531     0.3072     0.2827    2     5.8532     6.2530
 237      0.8602     0.0458     0.0000    1     0.8602
 238      0.4951     0.0354     0.0496    2     0.4600     0.5302
 241      2.3769     0.1259     0.0613    3     2.4029     2.3068     2.4209
 242      0.1087     0.0090     0.0474    2     0.0752     0.1422
 243      2.0620     0.1054     0.0767    2     2.1162     2.0078
 244      4.4156     0.2375     0.2794    2     4.2180     4.6131
 245      0.1944     0.0302     0.0414    2     0.2237     0.1651
 246      1.1231     0.0593     0.0325    2     1.1001     1.1461
 247     18.4203     0.9301     0.8860    3    18.7440    17.4180    19.0990
 248      0.5885     0.0609     0.0239    2     0.5716     0.6055
 250     16.5930     0.8631     0.4469    2    16.2770    16.9090
 251      0.9557     0.0514     0.0961    2     1.0236     0.8878
 252      5.7722     0.3369     0.2436    2     5.9444     5.5999
 253      1.2413     0.0732     0.1637    3     1.2070     1.0975     1.4195
 254     13.3725     0.7072     0.3302    2    13.6060    13.1390
 256      1.8421     0.1024     0.0000    1     1.8421
 257      1.5686     0.0935     0.0000    1     1.5686
 258      3.2252     0.2044     0.0000    1     3.2252
 259      1.9032     0.1072     0.0000    1     1.9032
 260      2.0733     0.1147     0.0000    1     2.0733
 261      7.0475     0.3645     0.2826    2     6.8476     7.2473
 262      6.3766     0.3606     0.3848    2     6.6487     6.1045
 263      6.9946     0.3913     0.0000    1     6.9946
 267      1.3214     0.0820     0.0195    2     1.3352     1.3076
 268      2.4251     0.1247     0.0000    1     2.4251
 270      0.8698     0.0530     0.0965    3     0.9726     0.8557     0.7811
 271      0.3186     0.0247     0.0096    2     0.3254     0.3118
 272      5.0202     0.2667     0.0000    1     5.0202
 273      4.8854     0.2575     0.0000    1     4.8854
 274      1.4569     0.0769     0.0035    2     1.4544     1.4594
 278      0.6017     0.0323     0.1085    3     0.4798     0.6375     0.6879
 279      2.8643     0.1534     0.1964    2     2.7254     3.0032
 280      6.0441     0.3093     0.0000    1     6.0441
 281      3.6172     0.1902     0.1834    2     3.4875     3.7469
 282      1.5774     0.0816     0.0000    1     1.5774
 283      0.3091     0.0172     0.0000    1     0.3091
 284      0.2387     0.0262     0.0000    1     0.2387
 285      0.4827     0.0308     0.0132    3     0.4872     0.4678     0.4930
 286      3.0409     0.2097     0.5404    2     2.6588     3.4230
 287      2.3100     0.1180     0.1050    3     2.2037     2.4136     2.3126
 288    388.9650    19.6409     4.8720    2   385.5200   392.4100
 290      9.9716     0.5387     0.5483    3     9.3589    10.1400    10.4160
 294      8.5100     0.4697     0.0000    1     8.5100
 295      2.1122     0.1695     0.0000    1     2.1122
 298     25.9330     1.5565    10.6024    2    18.4360    33.4300
 299     29.8380     2.0183     4.2511    2    26.8320    32.8440
 300      6.8637     0.5056     0.3511    2     6.6154     7.1120
 303     10.7170     0.5831     0.0000    1    10.7170
 310     50.2070     2.5367     0.0000    1    50.2070
 311      3.3070     0.1699     0.0000    1     3.3070
 312      3.9425     0.2026     0.0000    1     3.9425
 315     15.0680     0.7627     0.0000    1    15.0680
 317     32.6440     1.6818     0.0000    1    32.6440
 320      3.9354     0.2633     0.0000    1     3.9354
 321     12.7390     0.8300     0.0000    1    12.7390
 323     49.5755     2.6516     1.4828    2    48.5270    50.6240
 324     15.5945     1.1144     0.4476    2    15.2780    15.9110
 325     32.5395     1.8633     0.0247    2    32.5570    32.5220
 326      8.4586     0.5971     0.0000    1     8.4586
 329     10.6080     0.6902     0.4087    2    10.3190    10.8970
 331      2.3485     0.1365     0.0000    1     2.3485
 335      6.1942     0.6700     0.0000    1     6.1942
 337      1.5399     0.1341     0.1451    2     1.4373     1.6425
 338      3.1307     0.2066     0.0000    1     3.1307
 340     24.2715     1.2234     1.2763    2    23.3690    25.1740
 343     10.1450     0.5242     0.0000    1    10.1450
 345      1.0356     0.0747     0.0715    2     1.0862     0.9850
 347      4.8379     0.2724     0.4951    3     4.6484     4.4655     5.3998
 354     37.8765     1.9159     0.9610    2    38.5560    37.1970
 355      9.7921     0.4972     0.0000    1     9.7921
 358    122.3000     6.2949     0.0000    1   122.3000
 359     56.1155     2.8323     3.8205    2    53.4140    58.8170
 361   1153.1333    58.8490     3.7899    3  1150.7000  1157.5000  1151.2000
 363     32.0805     1.9285     0.7036    2    32.5780    31.5830
 364     66.5330     3.4092     0.0000    1    66.5330
 365     52.7533     2.6810     1.3774    3    52.9230    54.0380    51.2990
 367      0.2915     0.0208     0.0000    1     0.2915
 368     86.1827    10.1946     3.6217    4    89.2870    88.0260    86.3620    81.0560
 370    596.8575    31.1637     8.7407    4   607.0100   601.2600   590.2200   588.9400
 371      7.9889     0.5185     0.0000    1     7.9889
 372     29.8920     1.5779     1.3958    2    30.8790    28.9050
 373     36.3040     1.8260     0.0000    1    36.3040
 376     77.0740     3.8928     0.0000    1    77.0740
 377     16.7510     0.9251     0.0000    1    16.7510
 383     35.0620     2.0129     1.3251    2    35.9990    34.1250
 384    986.8500    55.4550     0.0000    1   986.8500
 385     13.5850     0.6902     0.0000    1    13.5850
 386     57.9060     2.9645     0.0000    1    57.9060
 388     31.2270     1.5933     0.0000    1    31.2270
 390     14.4725     0.7783     0.1676    2    14.3540    14.5910
 392      0.3405     0.0248     0.0000    1     0.3405
 395      2.3434     0.1251     0.0000    1     2.3434
 397      5.2072     0.2626     0.0000    1     5.2072
 398      8.8303     0.4901     0.3011    2     8.6174     9.0432
 399     50.3750     2.6213     1.0988    2    51.1520    49.5980
 400     16.7780     0.8485     0.0000    1    16.7780
 401      6.2546     0.3277     0.0000    1     6.2546
 402      4.8909     0.2641     0.0000    1     4.8909
 403     12.4310     0.6470     0.0000    1    12.4310
 404      7.7189     0.3891     0.0000    1     7.7189
 405     10.5210     0.5308     0.0226    2    10.5370    10.5050
 406      4.8203     0.2477     0.0790    3     4.8604     4.8712     4.7293
 407      7.0527     0.3700     0.0000    1     7.0527
 408      2.1519     0.1105     0.0605    2     2.1091     2.1946
