# PACS 70 micron aperture photometry (in Jy); the average
# value is the average of the measurements from different
# groups (the individual measurements are listed in columns
# Group1 to Group5, their number is given in column "N");
# the "Unc" column is the uncertainty of the photometric
# measurement, while "St.dev." is the standard deviation
# of the individual measurements
          Average      Unc      St.dev.   N     Group1     Group2     Group3     Group4     Group5
 HOPS      P70         P70        P70     N        P70        P70        P70        P70        P70
   1      3.6967     0.1850     0.0000    1     3.6967
   2      0.5188     0.0262     0.0000    1     0.5188
   3      0.3187     0.0162     0.0000    1     0.3187
   4      0.6116     0.0308     0.0000    1     0.6116
   5      0.7103     0.0357     0.0000    1     0.7103
   6      0.0911     0.0055     0.0207    2     0.0765     0.1058
   7      1.3422     0.0673     0.0000    1     1.3422
  10      6.8234     0.3414     0.0000    1     6.8234
  11     23.5725     1.1792     0.5254    2    23.9440    23.2010
  12     15.5595     0.7825     2.2733    2    17.1670    13.9520
  13      1.1216     0.0564     0.0231    2     1.1053     1.1380
  15      0.2578     0.0137     0.0000    1     0.2578
  16      0.6854     0.0347     0.0171    2     0.6975     0.6732
  17      0.6729     0.0358     0.0112    2     0.6809     0.6650
  18      4.2676     0.2150     0.1097    2     4.1900     4.3452
  19      0.2896     0.0294     0.0602    2     0.3322     0.2470
  20      1.3731     0.0689     0.0000    1     1.3731
  21      0.1185     0.0091     0.0000    1     0.1185
  22      0.1455     0.0162     0.0000    1     0.1455
  24      0.2908     0.0194     0.0000    1     0.2908
  26      0.1303     0.0185     0.0000    1     0.1303
  28      0.9445     0.0486     0.0000    1     0.9445
  29      3.7718     0.1890     0.0000    1     3.7718
  30      7.6106     0.3810     0.0102    2     7.6034     7.6178
  32      6.1683     0.3098     0.0721    2     6.1173     6.2193
  33      0.1079     0.0092     0.0174    2     0.0956     0.1203
  36      0.9967     0.0503     0.0000    1     0.9967
  38      0.6350     0.0443     0.0000    1     0.6350
  41      4.5595     0.2292     0.4614    2     4.8857     4.2332
  42      1.3130     0.1231     0.0000    1     1.3130
  43      7.9334     0.4616     0.0000    1     7.9334
  44      1.3059     0.0995     0.0000    1     1.3059
  45      9.0086     0.6129     5.5004    2    12.8980     5.1193
  47      0.0181     0.0082     0.0000    1     0.0181
  48      6.2169     0.3317     0.7782    2     5.6666     6.7671
  49      0.6645     0.0477     0.0000    1     0.6645
  50      9.1059     0.4566     0.0000    1     9.1059
  53     68.9810     3.4652     0.0000    1    68.9810
  56     47.2407     2.4579     1.3006    3    46.5920    46.3920    48.7380
  57      4.9067     0.6584     0.0912    3     4.8641     4.8446     5.0114
  58      3.4562     0.4557     0.8244    3     2.9299     3.0324     4.4063
  59     58.3553     3.0147     2.8564    4    60.6410    60.1390    58.2940    54.3470
  60     58.3040     2.9422     0.3631    3    58.6540    58.3290    57.9290
  65      0.4812     0.0814     0.0514    4     0.4359     0.4903     0.4485     0.5500
  66    120.6500     6.0768     1.9103    4   119.7500   121.8500   118.4200   122.5800
  68      6.9594     0.3723     0.1128    4     7.0016     7.0772     6.9492     6.8098
  70     11.5490     0.6141     0.1869    4    11.4140    11.3900    11.7910    11.6010
  71     14.2587     0.7339     0.6155    4    13.7530    13.7310    14.5910    14.9600
  73      1.6717     0.1251     0.0972    4     1.7851     1.6194     1.7148     1.5674
  75      7.0289     0.3768     0.5890    4     7.9117     6.7600     6.7042     6.7395
  76      3.4180     0.2738     0.1033    3     3.3000     3.4620     3.4920
  77      8.8709     0.4528     0.3053    4     9.2432     8.9965     8.5966     8.6473
  78     15.0860     0.7644     0.3020    4    15.4740    14.8160    14.8800    15.1740
  80      0.1061     0.0245     0.0948    3     0.0073     0.1147     0.1963
  81      1.9893     0.1071     0.0340    4     1.9762     1.9753     2.0398     1.9659
  82      6.0661     0.3211     0.3442    4     6.0853     6.2975     5.5734     6.3084
  84    103.4725     5.1906     1.7237    4   105.8900   102.3600   102.1200   103.5200
  85     28.9632     1.4660     1.3773    4    31.0280    28.3020    28.3140    28.2090
  86     29.1815     1.4621     0.3571    2    28.9290    29.4340
  87     66.1765     3.3130     0.8393    2    66.7700    65.5830
  88     32.8260     1.6477     0.0311    2    32.8480    32.8040
  89      3.3412     0.2079     0.2995    2     3.5530     3.1294
  90      2.3680     0.1196     0.0059    2     2.3638     2.3722
  91      2.4615     0.1534     0.0000    1     2.4615
  92     32.9745     1.6541     0.6937    2    32.4840    33.4650
  93      2.4912     0.1580     0.3981    2     2.2097     2.7727
  94      6.3379     0.3446     0.7953    2     6.9003     5.7756
  95      0.3647     0.0241     0.0285    2     0.3446     0.3849
  96      6.8981     0.3536     0.0530    2     6.8606     6.9355
  98      4.1378     0.3491     0.3827    2     3.8672     4.4084
  99      3.5948     0.1801     0.0000    1     3.5948
 100      0.0153     0.0059     0.0000    1     0.0153
 102      0.6403     0.0347     0.0000    1     0.6403
 105      0.2590     0.0179     0.0000    1     0.2590
 107      4.3676     0.2290     0.0000    1     4.3676
 108    132.5425     6.8707     1.5506    4   131.8800   131.5000   131.9400   134.8500
 109      3.3058     0.1727     0.0000    1     3.3058
 111     60.0320     3.0344     0.0000    1    60.0320
 113      0.0593     0.0039     0.0087    2     0.0654     0.0532
 114      0.1114     0.0062     0.0043    3     0.1084     0.1096     0.1164
 115      0.2601     0.0136     0.0133    3     0.2708     0.2642     0.2452
 116      0.3281     0.0171     0.0288    3     0.3595     0.3219     0.3030
 117      0.1226     0.0070     0.0055    2     0.1188     0.1265
 118      0.1293     0.0074     0.0119    2     0.1209     0.1377
 119      0.7459     0.0375     0.0000    1     0.7459
 120      0.1625     0.0086     0.0119    3     0.1589     0.1528     0.1758
 121      0.4268     0.0216     0.0000    1     0.4268
 123      0.6141     0.0311     0.0307    3     0.6233     0.5798     0.6391
 124    165.0100     8.2547     0.0000    1   165.0100
 125     93.0760     4.6555     0.0000    1    93.0760
 127      0.7545     0.0379     0.0000    1     0.7545
 128      0.9445     0.0475     0.0000    1     0.9445
 129      3.4910     0.1748     0.0000    1     3.4910
 130      2.1687     0.1086     0.0400    2     2.1404     2.1970
 131      0.3859     0.0202     0.0170    2     0.3739     0.3979
 132      0.6776     0.0346     0.0033    2     0.6753     0.6799
 133      6.9772     0.3492     0.1274    2     7.0673     6.8871
 134      3.4471     0.1726     0.0110    2     3.4393     3.4549
 135      2.3621     0.1183     0.0066    2     2.3667     2.3574
 136      1.6703     0.0838     0.0485    3     1.6204     1.7172     1.6733
 137      0.0372     0.0028     0.0000    1     0.0372
 138      0.0521     0.0044     0.0000    1     0.0521
 139      6.4546     0.3230     0.0000    1     6.4546
 140      1.1198     0.0564     0.0073    2     1.1146     1.1249
 141      0.1041     0.0075     0.0000    1     0.1041
 142      0.0740     0.0061     0.0000    1     0.0740
 143      5.3850     0.2713     0.0000    1     5.3850
 144      9.7534     0.4887     0.0000    1     9.7534
 145      4.3033     0.2158     0.0378    2     4.3300     4.2766
 148      0.5535     0.0279     0.0000    1     0.5535
 149      7.7700     0.3888     0.0000    1     7.7700
 150      6.1850     0.3096     0.0000    1     6.1850
 152      1.3252     0.0665     0.0000    1     1.3252
 153      7.2483     0.3627     0.0000    1     7.2483
 154      0.1618     0.0085     0.0134    2     0.1523     0.1713
 156      0.6727     0.0338     0.0000    1     0.6727
 157      7.6170     0.3810     0.0000    1     7.6170
 158      1.4494     0.0727     0.0000    1     1.4494
 159      0.2273     0.0117     0.0000    1     0.2273
 160      2.8492     0.1428     0.0000    1     2.8492
 163      0.8785     0.0442     0.0000    1     0.8785
 164      0.7383     0.0372     0.0000    1     0.7383
 165     10.4780     0.5269     0.1400    2    10.3790    10.5770
 166     17.7627     0.8888     0.5896    3    18.4250    17.5680    17.2950
 167      0.2026     0.0153     0.0721    2     0.2535     0.1516
 168    146.8650     7.3457     1.6759    2   145.6800   148.0500
 169      5.0914     0.2548     0.0000    1     5.0914
 170      1.2076     0.0606     0.0000    1     1.2076
 171      4.4368     0.2223     0.0000    1     4.4368
 172      0.9264     0.0466     0.0379    2     0.8996     0.9532
 173      3.3360     0.1672     0.0000    1     3.3360
 174      3.3677     0.1688     0.0000    1     3.3677
 175      1.1289     0.0584     0.0000    1     1.1289
 176      2.0437     0.1031     0.0000    1     2.0437
 177      1.0928     0.0550     0.0000    1     1.0928
 178     36.4930     1.8255     0.0000    1    36.4930
 179      1.7874     0.0898     0.0000    1     1.7874
 181     45.2770     2.2695     0.0000    1    45.2770
 182    173.9900     8.7196     0.0000    1   173.9900
 183      4.6346     0.2359     0.0000    1     4.6346
 184      0.2820     0.0151     0.0000    1     0.2820
 185      1.6143     0.0810     0.0000    1     1.6143
 186      1.4038     0.0704     0.0000    1     1.4038
 188     39.6090     1.9814     0.0000    1    39.6090
 189      1.6266     0.0869     0.0000    1     1.6266
 190      0.7778     0.0397     0.0000    1     0.7778
 191      1.0108     0.0508     0.0000    1     1.0108
 192      2.1509     0.1081     0.0000    1     2.1509
 193      1.4563     0.0730     0.0000    1     1.4563
 194     10.4220     0.5214     0.0000    1    10.4220
 197      0.1978     0.0103     0.0000    1     0.1978
 198      2.2770     0.1143     0.0000    1     2.2770
 199      0.1136     0.0062     0.0000    1     0.1136
 200      0.4433     0.0225     0.0000    1     0.4433
 201      0.0702     0.0050     0.0000    1     0.0702
 203     45.0910     2.2560     0.5742    2    44.6850    45.4970
 204      3.4127     0.1708     0.0000    1     3.4127
 205      0.0623     0.0044     0.0000    1     0.0623
 206      6.0512     0.3030     0.3024    2     6.2650     5.8374
 207      0.3462     0.0176     0.0000    1     0.3462
 209      0.2813     0.0143     0.0109    2     0.2890     0.2736
 210      2.1693     0.1090     0.0752    2     2.2225     2.1161
 211      0.5455     0.0276     0.0000    1     0.5455
 212      0.5832     0.0296     0.0000    1     0.5832
 213      1.0827     0.0543     0.0168    2     1.0709     1.0946
 214      0.1310     0.0071     0.0283    2     0.1511     0.1110
 215      1.0253     0.0515     0.0000    1     1.0253
 216      1.4102     0.0707     0.0441    2     1.3790     1.4413
 219      4.7382     0.2373     0.1213    2     4.6524     4.8240
 220      0.4416     0.0229     0.0519    2     0.4049     0.4782
 221     14.9240     0.7465     0.0000    1    14.9240
 222      0.4200     0.0213     0.0440    2     0.4511     0.3889
 223     16.0570     0.8031     0.0000    1    16.0570
 224      6.8074     0.3406     0.0861    2     6.7465     6.8682
 225      1.1230     0.0569     0.0195    2     1.1368     1.1092
 226      1.2945     0.0653     0.0281    2     1.2747     1.3144
 227      0.4292     0.0217     0.0146    2     0.4396     0.4189
 228     14.0575     0.7035     0.4278    2    13.7550    14.3600
 229      0.1278     0.0073     0.0137    2     0.1180     0.1375
 232      1.0893     0.0558     0.3101    2     0.8700     1.3086
 233      0.1217     0.0066     0.0000    1     0.1217
 234      4.8593     0.2432     0.0000    1     4.8593
 235      2.4876     0.1246     0.0580    3     2.5168     2.4208     2.5252
 236      6.5108     0.3258     0.0707    2     6.4608     6.5608
 237      0.4662     0.0238     0.0587    2     0.5077     0.4247
 238      0.4513     0.0228     0.0112    2     0.4592     0.4433
 239      0.3301     0.0168     0.0163    2     0.3186     0.3416
 240      0.1743     0.0093     0.0334    2     0.1979     0.1506
 241      1.4104     0.0708     0.0803    2     1.4671     1.3536
 242      0.1806     0.0095     0.0049    2     0.1841     0.1771
 243      0.9527     0.0479     0.0471    2     0.9861     0.9194
 244      3.3184     0.1661     0.0305    2     3.2969     3.3400
 245      0.2655     0.0136     0.0025    3     0.2637     0.2684     0.2645
 246      0.8175     0.0411     0.0039    2     0.8202     0.8147
 247      4.8706     0.2438     0.1653    2     4.7537     4.9874
 248      1.3556     0.0680     0.0163    2     1.3441     1.3671
 249      0.0558     0.0037     0.0133    2     0.0464     0.0652
 250     17.2885     0.8649     0.4660    2    16.9590    17.6180
 251      0.6547     0.0330     0.0353    2     0.6797     0.6298
 252      3.0373     0.1526     0.2017    2     2.8946     3.1799
 253      0.8773     0.0442     0.0580    3     0.8624     0.9412     0.8282
 254     11.2885     0.5651     0.1209    2    11.2030    11.3740
 255      0.2921     0.0155     0.0195    2     0.3059     0.2783
 256      0.1693     0.0091     0.0001    2     0.1693     0.1694
 257      0.4363     0.0222     0.0233    2     0.4198     0.4528
 258      0.9069     0.0458     0.0402    3     0.8955     0.8737     0.9517
 259      0.7142     0.0360     0.0000    1     0.7142
 260      1.5410     0.0773     0.0000    1     1.5410
 261      4.6632     0.2335     0.1131    2     4.5833     4.7432
 262      1.9191     0.0962     0.0167    3     1.9067     1.9126     1.9381
 263      1.9438     0.0975     0.0614    3     1.8884     1.9333     2.0098
 264      0.0555     0.0044     0.0000    1     0.0555
 265      0.0696     0.0042     0.0114    3     0.0722     0.0572     0.0795
 266      0.0613     0.0036     0.0000    1     0.0613
 267      1.5028     0.0753     0.0031    2     1.5006     1.5050
 268      2.7875     0.1396     0.0000    1     2.7875
 270      0.6216     0.0313     0.0081    3     0.6123     0.6273     0.6253
 271      0.1274     0.0068     0.0000    1     0.1274
 272      2.8488     0.1427     0.0000    1     2.8488
 273      2.7923     0.1400     0.0000    1     2.7923
 274      1.3595     0.0682     0.0042    2     1.3624     1.3565
 275      0.1619     0.0085     0.0014    2     0.1610     0.1629
 276      0.1243     0.0067     0.0038    2     0.1216     0.1270
 277      0.0424     0.0032     0.0000    1     0.0424
 278      0.3921     0.0200     0.0581    3     0.3250     0.4245     0.4268
 279      3.9012     0.1954     0.0208    2     3.8865     3.9159
 280      6.8122     0.3409     0.1988    2     6.6716     6.9528
 281      2.6164     0.1311     0.1277    2     2.5261     2.7067
 282      1.9228     0.0963     0.0000    1     1.9228
 283      0.4139     0.0209     0.0000    1     0.4139
 284      0.3124     0.0159     0.0000    1     0.3124
 285      0.3349     0.0171     0.0075    3     0.3336     0.3281     0.3429
 286      1.3537     0.0684     0.0759    2     1.4074     1.3001
 287      1.5001     0.0760     0.2569    3     1.2960     1.7885     1.4157
 288    453.6450    22.6958     7.0216    2   448.6800   458.6100
 290      3.0178     0.1523     0.2831    3     2.9057     3.3398     2.8079
 291      0.1191     0.0073     0.0185    3     0.1223     0.0992     0.1359
 293      0.0368     0.0025     0.0000    1     0.0368
 294      2.3133     0.1286     0.0000    1     2.3133
 295      0.5675     0.0292     0.0000    1     0.5675
 296      0.1065     0.0123     0.0000    1     0.1065
 297      0.1423     0.0116     0.0525    2     0.1052     0.1794
 298     35.7265     1.8368     4.1755    2    32.7740    38.6790
 299     13.4465     0.8174     1.8052    2    14.7230    12.1700
 300      1.4371     0.0771     0.2810    2     1.6358     1.2384
 301      7.6377     0.5913     0.5918    2     7.2193     8.0562
 303      1.9120     0.0959     0.0000    1     1.9120
 305      4.0898     0.5471     0.0000    1     4.0898
 310     36.6580     1.8336     0.0000    1    36.6580
 311      3.3167     0.1660     0.0000    1     3.3167
 312      1.5721     0.0788     0.0000    1     1.5721
 315      9.5340     0.4770     0.0000    1     9.5340
 317      6.0499     0.3038     0.0000    1     6.0499
 318      0.1529     0.0087     0.0024    2     0.1546     0.1512
 319      0.0152     0.0031     0.0000    1     0.0152
 320      0.8271     0.0419     0.0000    1     0.8271
 321      8.8690     0.4442     0.0000    1     8.8690
 322      1.5529     0.0810     0.1471    2     1.4489     1.6569
 323     18.8920     0.9473     0.0000    1    18.8920
 324      3.4804     0.1782     0.2970    2     3.2704     3.6904
 325     11.2055     0.5675     0.0445    2    11.1740    11.2370
 326      1.4634     0.1415     1.3306    2     0.5226     2.4043
 329      7.4248     0.3974     0.0000    1     7.4248
 331      0.8800     0.0443     0.0000    1     0.8800
 333      0.1775     0.0226     0.0586    2     0.1360     0.2189
 334      0.0394     0.0038     0.0165    2     0.0277     0.0511
 335      1.9257     0.1305     0.7615    3     2.3439     1.0467     2.3865
 336      0.0471     0.0038     0.0000    1     0.0471
 337      1.8291     0.0917     0.0047    2     1.8324     1.8258
 338      0.5629     0.0286     0.0196    2     0.5767     0.5490
 339      0.1044     0.0057     0.0000    1     0.1044
 340      5.6039     0.2811     0.5465    2     5.2174     5.9903
 341      5.5724     0.2795     0.5266    2     5.2001     5.9448
 342      0.2869     0.0147     0.0000    1     0.2869
 343      9.6582     0.4832     0.0000    1     9.6582
 344      0.0861     0.0050     0.0000    1     0.0861
 345      0.6460     0.0327     0.0118    3     0.6347     0.6449     0.6583
 346      0.0803     0.0046     0.0014    2     0.0813     0.0793
 347      0.5692     0.0309     0.0447    3     0.5539     0.5341     0.6195
 348      0.6821     0.0651     0.0717    3     0.6876     0.6077     0.7509
 350      2.3982     0.1433     0.0502    3     2.4475     2.4001     2.3471
 354      8.4282     0.4221     0.3924    2     8.7056     8.1507
 355      2.7593     0.1382     0.0000    1     2.7593
 358     62.2040     3.1133     0.0000    1    62.2040
 359     20.0325     1.0047     2.0980    2    18.5490    21.5160
 361    989.4960    49.6265    19.3478    5  1006.8000  1006.5000   984.7300   989.7200   959.7300
 363     24.9495     1.2540     0.3005    2    25.1620    24.7370
 364     85.0180     4.2546     0.0000    1    85.0180
 365     34.6257     1.7342     1.5972    3    35.6800    35.4090    32.7880
 366     18.0293     0.9293     3.8836    3    19.3230    21.1010    13.6640
 367      0.0817     0.0047     0.0002    2     0.0818     0.0816
 368    110.3050     5.6209     1.3289    4   111.2100   110.6000   111.0600   108.3500
 369     48.7075     2.6332     0.9800    4    47.8510    48.0000    49.0290    49.9500
 370    824.0125    41.4336     9.6832    4   834.7700   827.8400   821.4400   812.0000
 371      0.4423     0.0235     0.0381    2     0.4154     0.4693
 372      6.4581     0.3240     0.0653    2     6.4119     6.5043
 373      5.4610     0.2733     0.0000    1     5.4610
 374      0.3418     0.0186     0.1589    2     0.2295     0.4542
 376    143.3500     7.1701     0.0000    1   143.3500
 377     11.3730     0.5700     0.0000    1    11.3730
 378      0.8823     0.0484     0.0094    2     0.8889     0.8756
 379      0.0564     0.0038     0.0000    1     0.0564
 380      1.7368     0.0878     0.0000    1     1.7368
 382      0.1320     0.0239     0.0000    1     0.1320
 383     15.9960     0.8008     0.4313    2    16.3010    15.6910
 384    993.2400    50.3010     0.0000    1   993.2400
 385     11.6560     0.5834     0.0000    1    11.6560
 386     37.0780     1.8573     0.0000    1    37.0780
 387     26.5050     1.3262     0.0000    1    26.5050
 388     32.1490     1.6085     0.0000    1    32.1490
 389      9.3815     0.4948     0.9963    2    10.0860     8.677
 390      7.6946     0.3853     0.2727    2     7.5018     7.8874
 391      0.1307     0.0097     0.0000    1     0.1307
 392      0.1204     0.0076     0.0000    1     0.1204
 393      0.1459     0.0076     0.0000    1     0.1459
 394      1.0876     0.2928     0.4262    4     1.3446     1.2588     0.4505     1.2965
 395      0.1000     0.0057     0.0000    1     0.1000
 397      0.6874     0.0348     0.0000    1     0.6874
 398      0.3917     0.0214     0.0167    2     0.3799     0.4035
 399      4.6912     0.2376     0.0252    2     4.7091     4.6734
 400      3.4445     0.1724     0.0000    1     3.4445
 401      0.6514     0.0329     0.0000    1     0.6514
 402      0.4137     0.0210     0.0000    1     0.4137
 403      1.5789     0.0801     0.0000    1     1.5789
 404      1.0646     0.0534     0.0000    1     1.0646
 405      1.7272     0.0866     0.0215    2     1.7424     1.7120
 406      0.4692     0.0244     0.0181    3     0.4618     0.4559     0.4898
 407      0.3452     0.0176     0.0000    1     0.3452
 408      0.1484     0.0079     0.0097    3     0.1545     0.1372     0.1534
