# PACS 160 micron PSF photometry; the "adopted" value lists
# the adopted PSF flux (in Jy), while the group 1, 2, and 3
# values list the PSF fluxes measured in different groups;
# the "N" column after each group lists how many sources
# were added up in each group (typically sources within
# a few arcsec of the expected position) to yield the
# flux of the HOPS target
         Adopted      Group1  N     Group2  N      Group3  N      Group4  N
 HOPS    PSF_160     PSF_160  N    PSF_160  N     PSF_160  N     PSF_160  N
   1       3.715       3.715  1
   2       0.401       0.401  1
   3       0.291       0.291  1
   4       0.590       0.590  1
   5       0.785       0.807  1      0.762  1
   6       0.190       0.190  1
   7       1.811       1.811  1
  10      19.413      19.413  1
  11      35.354      33.847  1     36.860  1
  12      41.720      34.056  1     49.384  1
  13       0.844       0.798  1      0.891  1
  18       6.307       6.307  1
  19       0.954       0.999  1      0.908  1
  28       2.570       2.570  1
  29       3.898       3.898  1
  30      13.030      13.644  1     12.415  1
  32       7.714       7.584  1      7.845  1
  36       0.872       0.872  1
  40      14.562      14.562  1
  41      10.715      11.234  1     10.195  1
  43      17.165      17.165  1
  44      13.002      13.002  1
  45       8.528       8.369  1      8.686  1
  50      19.369      19.369  1
  53     115.091     115.091  1
  55       1.225       1.225  1
  56     127.486     126.664  1    128.307  1
  59      58.131      58.131  1
  60      84.575      85.463  1     83.687  1
  68      25.510      23.948  1     28.292  1      24.290  1
  70      11.607      12.272  1     10.942  1
  73      11.682      11.615  1     10.608  1      12.823  1
  75      21.858      22.843  1     20.563  1      22.168  1
  76       9.743       9.454  1     10.031  1
  78      56.741      60.224  1     56.708  1      53.290  1
  81       8.245       8.245  1
  82      10.381      10.536  1     10.226  1
  84     106.558     106.007  1    107.108  1
  85      47.989      47.989  1
  86      19.300      19.300  1
  87     230.476     230.476  1
  88      81.599      81.599  1
  91      34.282      34.996  1     32.185  1      35.664  1
  92      56.249      58.793  1     56.786  1      53.167  1
  94      32.767      32.767  1
  95       5.901       5.456  1      6.347  1
  96      47.979      47.665  1     48.294  1
  99       9.163       9.163  1
 108     270.204     261.082  1    277.479  1     272.052  1
 113       0.256       0.249  1      0.262  1
 115       0.258       0.241  1      0.268  1       0.264  1
 116       0.398       0.380  1      0.386  1       0.429  1
 117       0.243       0.210  1      0.269  1       0.249  1
 118       0.077       0.077  1
 119       0.578       0.578  1
 120       0.539       0.548  1      0.518  1       0.552  1
 123       2.514       2.461  1      2.652  1       2.428  1
 124     246.785     246.785  1
 127       1.565       1.565  3
 128       0.517       0.517  1
 129       4.271       4.271  1
 130       2.559       2.510  1      2.607  1
 131       0.489       0.489  1
 132       0.667       0.626  1      0.708  1
 133       9.462       9.462  1
 134       2.257       2.346  1      2.167  1
 135       2.263       2.228  1      2.299  1
 136       2.109       2.143  1      2.075  1
 137       0.202       0.202  1
 139       7.146       7.146  1
 140       1.938       1.935  1      1.942  1
 143       6.903       6.903  1
 144      13.652      13.652  1
 145       2.703       2.364  1      3.042  1
 148       0.419       0.419  1
 149       6.318       6.318  1
 150      10.549      10.549  3
 152       3.144       3.144  1
 153      25.664      25.664  2
 154       0.163       0.163  1
 156       1.050       1.050  2
 157      10.170      10.170  1
 158       1.481       1.481  1
 159       0.161       0.161  1
 160       3.859       3.859  1
 163       0.653       0.653  1
 164       3.581       3.581  1
 166      15.386      15.386  1
 168     114.464     114.464  1
 169      29.020      29.020  1
 170       1.099       1.113  1      1.086  1
 171       6.196       6.196  1
 172       1.975       1.975  1
 173       5.255       5.464  1      5.046  1
 176       5.730       6.196  1      5.264  1
 177       1.166       1.166  1
 178      33.342      33.342  1
 179       3.872       3.872  1
 182     274.692     274.692  1
 184       0.661       0.661  1
 185       6.834       6.834  1
 186       1.519       1.519  1
 188      21.018      21.018  1
 189       4.852       4.852  1
 191       1.570       1.570  1
 192       3.745       3.745  1
 193       1.707       1.707  1
 194      11.904      11.904  1
 198       4.234       4.234  1
 199       0.183       0.183  1
 200       0.450       0.450  1
 203     100.345     100.345  1
 204       4.360       4.360  1
 206       9.083       8.830  1      9.336  1
 207       0.443       0.443  1
 209       0.176       0.178  1      0.177  1       0.174  1
 210       2.106       2.173  1      2.038  1
 211       1.103       1.115  1      1.097  1       1.096  1
 213       0.795       0.824  1      0.766  1
 215       0.641       0.641  1
 216       1.302       1.302  1
 219       4.281       4.281  1
 220       0.456       0.456  1
 221      15.126      15.126  1
 222       0.257       0.257  1
 223      18.210      18.210  1
 224      14.585      13.988  1     15.182  1
 225       0.784       0.674  1      0.894  1
 226       0.997       1.029  1      0.964  1
 227       0.359       0.367  1      0.351  1
 228      14.594      14.538  2     14.649  3
 229       0.302       0.302  1
 232       0.742       0.621  1      0.863  1
 234       5.222       5.073  1      5.371  1
 235       2.113       2.130  1      2.151  1       2.058  1
 236       6.335       6.280  1      6.323  1       6.403  1
 237       0.586       0.577  1      0.594  1
 238       0.307       0.292  1      0.322  1
 239       0.673       0.704  1      0.642  1
 240       0.232       0.232  1
 241       1.748       1.622  1      1.851  1       1.772  1
 243       1.780       1.794  1      1.765  1
 244       3.693       3.770  1      3.665  1       3.645  1
 245       0.202       0.196  1      0.206  1       0.205  1
 246       1.189       1.189  1
 247      17.568      17.568  1
 248       0.719       0.728  1      0.709  1
 250      20.263      20.219  1     20.307  1
 251       0.825       0.802  1      0.848  1
 252       3.996       3.994  1      3.997  1
 253       1.292       1.287  1      1.295  1       1.294  1
 254      12.830      12.830  1
 257       0.827       0.704  1      0.950  1
 258       2.111       1.897  1      1.910  1       2.527  1
 259       0.828       0.828  2
 260       1.673       1.673  1
 261       4.844       4.896  2      4.791  1
 262       2.470       2.659  1      2.281  1
 263       3.486       3.754  1      3.217  1
 267       1.265       1.206  1      1.324  1
 268       2.517       2.517  1
 270       0.698       0.709  1      0.688  1       0.696  1
 271       0.230       0.191  1      0.272  1       0.226  1
 272       3.475       3.475  1
 273       3.076       3.076  1
 274       1.325       1.341  1      1.309  1
 278       0.601       0.485  1      0.660  1       0.658  1
 279       2.521       2.477  1      2.565  1
 280       5.350       5.493  1      5.207  1
 281       3.559       3.556  1      3.562  1
 282       1.604       1.604  1
 283       0.335       0.335  1
 285       0.466       0.477  1      0.471  1       0.449  1
 286       1.406       1.622  1      0.617  1       1.979  1
 287       2.187       2.393  1      2.118  1       2.050  1
 288     426.612     404.878  1    448.346  1
 290       9.087       9.659  1      9.086  1       8.516  1
 294       3.066       3.066  1
 295       1.232       1.303  1      1.161  1
 298      21.541      19.060  1     24.021  1
 299      11.792      11.954  1     11.629  1
 300       3.257       3.215  1      3.300  1
 303       9.103       9.103  1
 310      51.130      51.130  1
 311       2.725       2.725  1
 312       3.469       3.469  1
 315      14.503      14.503  1
 316      22.254      22.254  1
 317      31.516      31.516  1
 320       2.496       2.496  1
 321      10.251       9.552  1     10.950  1
 323      40.789      40.789  1
 324      10.667      10.527  1     10.807  1
 325      31.346      26.930  1     35.762  1
 326       4.201       4.657  1      3.744  1
 329       8.811       7.693  1      8.521  1      10.220  1
 331       1.911       1.911  1
 333       0.788       0.804  1      0.772  1
 335       2.778       2.724  1      2.881  1       2.730  1
 337       2.039       1.973  1      2.104  1
 338       1.731       1.569  1      1.893  1
 340      10.246      10.531  1      9.961  1
 341      10.246      10.531  1      9.961  1
 343       9.222       9.222  1
 345       0.559       0.573  1      0.540  1       0.565  1
 346       0.219       0.241  1      0.197  1
 347       4.837       5.500  3      5.100  3       3.912  1
 348       1.122       1.122  1
 354      38.058      38.058  1
 355       8.940       8.940  1
 358     110.264     110.264  1
 359      54.585      47.470  1     61.700  1
 361     961.720     919.751  1    973.474  1     991.935  1
 363      20.548      22.132  1     18.963  1
 364      64.413      64.413  1
 365      50.598      51.284  1     58.951  1      41.559  1
 367       0.187       0.193  1      0.180  1
 368      48.886      47.359  1     49.646  1      49.653  1
 370     406.917     400.626  1    401.940  1     418.184  1
 371       4.369       4.369  1
 372      30.324      29.088  2     31.560  2
 373      36.712      39.127  1     34.296  1
 376      70.199      70.199  1
 377      12.774      11.895  1     13.652  1
 382      0.347        0.347  1
 383      31.782      32.933  1     27.514  1      34.898  1
 384     917.363     917.363  1
 385      13.913      13.913  2
 386      45.071      45.071  1
 387      13.408      13.408  1
 388      31.723      32.035  1     31.412  1
 389      40.789      40.789  1
 390      15.007      14.146  1     15.869  1
 392       0.247       0.247  1
 394      23.969      25.703  1     25.036  1      22.964  1      22.171  1
 395       2.595       2.595  1
 396       0.219       0.219  1
 397       4.173       4.173  1
 398       9.202       8.580  1      9.825  1
 399      48.823      48.823  1
 400      15.646      15.646  1
 401       5.170       5.170  1
 402       4.555       4.555  1
 403      13.572      13.572  1
 404       7.828       7.828  1
 405      10.690      11.295  1     10.085  1
 406       3.722       3.619  1      3.659  1       3.889  1
 407       6.123       6.123  1
 408       2.293       2.187  1      2.358  1       2.334  1
