# PACS 70 micron PSF photometry; the "adopted" value lists
# the adopted PSF flux (in Jy), while the group 1, 2, and 3
# values list the PSF fluxes measured in different groups;
# the "N" column after each group lists how many sources
# were added up in each group (typically sources within
# a few arcsec of the expected position) to yield the
# flux of the HOPS target
         Adopted      Group1  N     Group2  N     Group3  N     Group4  N
 HOPS     PSF_70      PSF_70  N     PSF_70  N     PSF_70  N     PSF_70  N
    1      4.128       4.128  1
    2      0.575       0.575  1
    3      0.372       0.372  1
    4      0.677       0.677  1
    5      0.791       0.794  1      0.787  1
    7      1.507       1.518  1      1.497  1
   10      6.978       6.978  1
   11     25.409      26.009  1     24.808  1
   12     14.597      14.098  1     15.095  2
   13      1.263       1.244  1      1.282  1
   15      0.216       0.216  1
   16      0.701       0.681  1      0.722  1
   17      0.855       0.873  1      0.838  1
   18      4.556       4.477  1      4.634  1
   19      0.230       0.222  1      0.238  1
   20      1.538       1.538  1
   28      0.841       0.841  1
   29      4.281       4.141  1      4.421  1
   30      8.163       7.948  1      8.378  1
   32      6.422       6.318  1      6.527  1
   36      1.022       1.022  1
   38      0.272       0.272  1
   40      3.282       3.282  1
   41      4.582       4.732  1      4.432  1
   43      3.253       3.126  1      3.380  1
   44      0.956       0.956  1
   45      6.547       6.738  1      6.357  1
   46      0.269       0.312  1      0.226  1
   48      1.825       1.825  1
   49      0.426       0.484  1      0.368  1
   50      9.940      10.372  1      9.508  1
   52      0.394       0.394  1
   53     75.335      75.335  2
   55      0.458       0.458  1
   56     39.479      44.993  2     33.964  2
   57      6.333       6.449  1      6.218  1
   58      3.713       3.890  1      3.536  1
   59     47.286      42.910  1     54.943  1     44.005  1
   60     60.780      62.985  2     59.508  2     59.847  2
   65      0.796       0.692  1      0.901  1
   66     27.186      24.422  1     29.951  1
   68      8.288       8.378  1      8.308  1      8.178  1
   70      6.413       6.266  2      6.318  2      6.656  2
   71     11.963      11.953  1     12.077  1     11.858  1
   73      1.483       1.506  1      1.531  1      1.412  1
   74      1.014       1.014  1
   75      8.109       8.320  2      8.144  1      7.862  1
   76      2.163       2.058  1      2.293  1      2.137  1
   77      6.422       6.676  1      5.749  1      6.841  1
   78     13.345      13.074  2     14.222  2     12.738  2
   81      2.272       2.132  1      2.343  1      2.341  1
   82      3.775       4.307  1      3.843  1      3.175  1
   84     98.752     100.879  2     97.686  2     97.691  2
   85     25.298      27.616  2     24.109  2     24.169  2
   86      6.099       5.510  1      6.688  1
   87     63.561      64.057  1     63.064  1
   88     35.317      35.011  1     35.623  1
   89      2.705       2.824  2      2.585  2
   90      2.747       2.678  1      2.816  1
   91      3.353       3.240  1      3.486  1      3.333  1
   92     34.375      32.989  1     35.574  1     34.561  1
   93      1.707       1.818  1      1.596  1
   94      8.621       8.128  1      9.113  1
   95      0.632       0.632  1
   96      7.632       7.783  1      7.481  1
   98      1.648       1.551  1      1.744  1
   99      3.696       3.696  1
  101      2.842       2.842  1
  102      0.643       0.643  1
  107      4.327       4.327  5
  108     40.806      35.992  1     41.055  1     45.370  1
  115      0.264       0.290  1      0.254  1      0.247  1
  116      0.324       0.398  1      0.190  1      0.384  1
  119      0.811       0.811  1
  120      0.183       0.176  1      0.189  1
  123      0.613       0.592  1      0.581  1      0.667  1
  124    158.604     159.268  2    157.940  1
  125     21.577      21.577  1
  127      0.844       0.844  1
  128      0.398       0.398  1
  129      3.388       3.388  1
  130      2.429       2.324  1      2.534  2
  131      0.383       0.393  1      0.373  1
  132      0.717       0.709  1      0.724  2
  133      7.312       7.338  2      7.312  2
  134      3.797       3.836  2      3.757  1
  135      2.530       2.419  1      2.642  1
  136      1.688       1.557  1      1.774  2      1.732  1
  139      6.603       6.603  1
  140      1.017       1.013  1      1.021  1
  143      5.649       5.649  4
  144      4.842       4.842  1
  145      4.323       4.375  1      4.270  1
  148      0.607       0.607  1
  149      7.569       7.569  1
  150      6.505       6.505  3
  152      1.436       1.436  1
  153      7.329       7.329  2
  154      0.180       0.180  1
  156      0.731       0.731  1
  157      8.356       8.356  1
  158      1.632       1.632  1
  159      0.245       0.245  1
  160      2.650       2.650  1
  163      1.038       1.038  1
  164      0.807       0.807  1
  165      2.555       2.736  1      2.373  1
  166     19.974      20.248  1     19.700  1
  168    145.987     145.987  1
  169      5.217       5.217  1
  170      1.329       1.309  1      1.350  1
  171      4.085       4.085  1
  172      1.043       1.017  1      1.069  1
  173      2.151       2.107  1      2.195  1
  174      1.625       1.653  1      1.596  1
  176      0.947       0.947  1
  177      1.147       1.147  1
  178     39.374      39.374  1
  179      1.918       1.918  1
  181     11.337      11.337  1
  182    162.045     162.045  2
  183      0.959       0.959  1
  184      0.229       0.229  1
  185      1.661       1.661  1
  186      1.506       1.506  1
  188     40.726      40.726  1
  189      1.274       1.274  3
  190      0.201       0.201  1
  191      1.084       1.084  1
  192      2.309       2.309  1
  193      1.596       1.596  1
  194     10.964      10.964  1
  197      0.224       0.224  1
  198      2.275       2.275  1
  200      0.516       0.516  1
  203     42.050      42.395  2     41.705  2
  204      3.736       3.736  1
  206      5.515       5.846  1      5.183  1
  207      0.354       0.354  1
  209      0.284       0.303  1      0.265  1
  210      2.102       2.166  1      2.038  1
  211      0.475       0.491  1      0.458  1
  213      1.128       1.139  1      1.118  1
  215      1.138       1.123  1      1.152  1
  216      1.594       1.493  1      1.707  1      1.583  1
  219      4.994       4.891  1      5.097  1
  220      0.407       0.380  1      0.435  1
  221     16.442      16.442  1
  222      0.485       0.516  1      0.454  1
  223     17.247      17.247  1
  224      7.614       7.530  1      7.697  1
  225      0.652       0.664  1      0.641  1
  226      1.064       1.026  1      1.102  1
  227      0.480       0.497  1      0.464  1
  228     11.701      12.179  2     11.222  1
  232      1.210       0.995  1      1.424  1
  234      5.901       5.503  1      6.300  1
  235      2.793       3.040  1      2.653  1      2.686  1
  236      7.156       7.226  1      7.087  1
  237      0.450       0.481  1      0.418  1
  238      0.498       0.504  1      0.493  1
  241      1.459       1.565  1      1.379  1      1.432  1
  242      0.184       0.180  1      0.188  1
  243      1.056       1.092  1      1.020  1
  244      3.657       3.486  1      3.811  1      3.673  1
  245      0.282       0.274  1      0.290  1      0.283  1
  246      0.892       0.909  1      0.876  1
  247      4.066       3.912  1      4.220  1
  248      1.518       1.559  1      1.575  1      1.420  1
  250     19.137      18.224  1     20.049  1
  251      0.711       0.755  1      0.668  1
  252      3.210       3.040  1      3.380  1
  253      0.978       0.997  1      1.001  1      0.935  1
  254     12.128      11.950  1     12.306  1
  255      0.259       0.257  1      0.261  1
  256      0.186       0.190  1      0.183  1
  257      0.359       0.357  1      0.360  1
  258      0.855       0.850  1      0.835  1      0.881  1
  259      0.619       0.619  1
  260      1.691       1.691  1
  261      4.272       4.577  1      3.966  1
  262      1.122       1.149  1      1.096  1
  263      1.141       1.140  1      1.143  1
  267      1.677       1.672  1      1.681  1
  268      3.134       3.134  1
  270      0.691       0.697  1      0.680  1      0.697  1
  272      2.473       2.473  1
  273      2.519       2.519  1
  274      1.503       1.477  1      1.528  1
  275      0.177       0.179  1      0.175  1
  278      0.438       0.353  1      0.480  1      0.481  1
  279      4.226       4.278  1      4.173  1
  280      7.006       7.062  1      6.950  1
  281      3.010       2.891  1      3.128  1
  282      2.223       2.223  1
  283      0.477       0.477  1
  284      0.358       0.358  1
  285      0.365       0.357  1      0.370  1      0.369  1
  286      1.396       1.341  1      1.452  1
  287      1.609       1.406  1      1.859  1      1.563  1
  288    424.941     398.367  2    449.640  2    426.816  2
  290      3.224       3.058  1      3.477  1      3.138  1
  294      1.814       1.814  1
  295      0.656       0.657  1      0.655  1
  297      0.196       0.196  1
  298     39.878      40.240  1     39.515  1
  299     12.803      12.803  1
  300      1.414       1.438  1      1.389  1
  301      3.069       2.855  1      3.284  1
  303      2.176       2.176  1
  310     36.121      36.121  1
  311      3.702       3.702  1
  312      1.702       1.702  1
  315     10.461      10.461  1
  316      5.728       5.728  1
  317      3.940       3.940  1
  320      0.844       0.844  1
  321      8.760       8.760  1
  322      0.816       0.779  1      0.853  1
  323     15.781      14.519  1     17.043  1
  324      3.534       3.358  1      3.710  1
  325     13.161      12.832  1     13.490  1
  326      0.805       0.731  1      0.879  1
  329      6.029       5.945  1      6.113  1
  331      0.955       0.955  1
  333      0.210       0.210  1
  335      0.682       0.633  1      0.708  1      0.704  1
  337      2.023       2.039  1      2.008  1
  338      0.286       0.288  1      0.284  1
  340      3.124       3.093  1      3.156  1
  341      2.925       2.579  1      3.272  1
  342      0.266       0.266  1
  343      9.800       9.800  1
  345      0.725       0.738  1      0.698  1      0.739  1
  347      0.711       0.618  1      0.805  1
  348      0.293       0.224  1      0.362  1
  350      1.023       1.102  1      0.944  1
  354      7.956       8.080  2      7.832  2
  355      2.683       2.683  1
  357      6.282       6.282  1
  358     54.521      54.521  1
  359     21.747      20.056  1     23.438  1
  361    872.429     828.872  4    898.904  3    889.511  4
  363     24.146      25.082  1     23.210  1
  364     81.960      81.960  2
  365     36.100      36.632  1     36.955  1     34.712  1
  366      8.232       6.578  1      9.629  1      8.488  1
  368    111.763     113.990  2    112.530  2    108.769  2
  369     19.567      22.898  1     17.313  1     17.548  1     20.508  1
  370    738.391     894.800  2    674.541  3    645.833  2
  371      0.314       0.333  1      0.295  1      0.315  1
  372      7.113       7.229  1      6.996  1
  373      5.420       5.502  1      5.339  1
  376    155.267     155.267  1
  377      6.974       6.974  1
  378      0.500       0.5000 2
  380      0.512       0.512  1
  383     16.715      17.060  1     16.370  1
  384    910.890     910.890  5
  385     12.708      12.708  1
  386     24.550      24.550  1
  387      8.588       8.588  1
  388     29.626      29.626  1
  389      3.850       3.732  1      3.968  1
  390      8.254       8.087  1      8.422  1
  394      3.266       3.199  1      3.441  1      3.159  1
  397      0.591       0.591  1
  398      0.442       0.434  1      0.451  1
  399      4.161       4.162  2      4.159  2
  400      3.614       3.614  1
  401      0.632       0.632  1
  402      0.491       0.491  1
  404      1.102       1.102  1
  405      1.833       1.818  1      1.849  1
  406      0.373       0.378  1      0.357  1      0.385  1
  407      0.386       0.386  1
