obs_date; group; obsids; hops_ids
 19 Sep 2011 ; 82       ; 1342228913-14 ; 297, 300
 9 Sep 2011  ; 90       ; 1342228376-77 ; 311, 312
 9 Sep 2011  ; 302      ; 1342228374-75 ; 331
 9 Sep 2011  ; 94       ; 1342228365-66 ; 326
 7 Sep 2011  ; 77       ; 1342228327-28 ; 283
 7 Sep 2011  ; 73       ; 1342228325-26 ; 276
 4 Sep 2011  ; 33       ; 1342228171-72 ; 154
 4 Sep 2011  ; 78       ; 1342228169-70 ; 284
 4 Sep 2011  ; 70       ; 1342228167-68 ; 270
 4 Sep 2011  ; 320      ; 1342228165-66 ; 293
 4 Sep 2011  ; 71       ; 1342228163-64 ; 271, 275
 4 Sep 2011  ; 123      ; 1342228161-62 ; 287
 3 Sep 2011  ; 98       ; 1342227971-72 ; 344, 345
 3 Sep 2011  ; 97       ; 1342227969-70 ; 342, 343
 3 Sep 2011  ; 303      ; 1342227966-67 ; 359, 364
 3 Sep 2011  ; 68       ; 1342227848-49 ; 267
 24 Aug 2011 ; 6        ; 1342227328-29 ; 13
 24 Aug 2011 ; 7        ; 1342227326-27 ; 15
 24 Aug 2011 ; 47       ; 1342227324-25 ; 191
 24 Aug 2011 ; 49       ; 1342227322-23 ; 194
 24 Aug 2011 ; 52       ; 1342227320-21 ; 200
 24 Aug 2011 ; 51       ; 1342227318-19 ; 198
 24 Aug 2011 ; 41       ; 1342227316-17 ; 172
 24 Aug 2011 ; 35       ; 1342227314-15 ; 158
 24 Aug 2011 ; 101      ; 1342227312-13 ; 355
 24 Aug 2011 ; 43       ; 1342227310-11 ; 177
 22 Aug 2011 ; 13       ; 1342227098-99 ; 26
 22 Aug 2011 ; 10       ; 1342227096-97 ; 21
 22 Aug 2011 ; 40       ; 1342227094-95 ; 169, 171
 22 Aug 2011 ; 39       ; 1342227092-93 ; 170
 22 Aug 2011 ; 37       ; 1342227090-91 ; 163, 164
 22 Aug 2011 ; 36       ; 1342227088-89 ; 159, 160
 22 Aug 2011 ; 28       ; 1342227086-87 ; 127, 128
 22 Aug 2011 ; 313      ; 1342227084-85 ; 123
 22 Aug 2011 ; 75       ; 1342227082-83 ; 281
 22 Aug 2011 ; 69       ; 1342227080-81 ; 268
 22 Aug 2011 ; 67       ; 1342227078-79 ; 259, 260
 21 Aug 2011 ; 83       ; 1342227049-50 ; 298, 299, 301
 21 Aug 2011 ; 86       ; 1342227047-48 ; 304, 305, 357
 21 Aug 2011 ; 32       ; 1342227045-46 ; 150, 152, 153
 18 Aug 2011 ; 85       ; 1342226735-36 ; 303
 18 Aug 2011 ; 81       ; 1342226733-34 ; 295
 18 Aug 2011 ; 80       ; 1342226729-30 ; 294
 18 Apr 2011 ; 63       ; 1342218800-01 ; 232
 18 Apr 2011 ; 55       ; 1342218798-99 ; 209, 213
 18 Apr 2011 ; 54       ; 1342218796-97 ; 207
 18 Apr 2011 ; 59       ; 1342218794-95 ; 216
 18 Apr 2011 ; 62       ; 1342218792-93 ; 229
 18 Apr 2011 ; 117      ; 1342218790-91 ; 227, 228
 18 Apr 2011 ; 58       ; 1342218788-89 ; 215
 18 Apr 2011 ; 1        ; 1342218780-81 ; 3, 4
 18 Apr 2011 ; 4        ; 1342218778-79 ; 367
 17 Apr 2011 ; 53       ; 1342218735-36 ; 204, 205, 206
 17 Apr 2011 ; 72       ; 1342218733-34 ; 272, 273, 274
 17 Apr 2011 ; 74       ; 1342218731-32 ; 278, 279, 280
 17 Apr 2011 ; 26       ; 1342218729-30 ; 120, 124, 125
 17 Apr 2011 ; 128      ; 1342218727-28 ; 337, 338, 340
 16 Apr 2011 ; 3        ; 1342218703-04 ; 5, 6, 7
 31 Mar 2011 ; 20       ; 1342217758-59 ; 98, 101
 31 Mar 2011 ; 24       ; 1342217756-57 ; 107
 31 Mar 2011 ; 21       ; 1342217754-55 ; 99, 102
 31 Mar 2011 ; 18       ; 1342217752-53 ; 53, 55
 31 Mar 2011 ; 9        ; 1342217750-51 ; 20
 31 Mar 2011 ; 50       ; 1342217748-49 ; 197
 30 Mar 2011 ; 17       ; 1342217450-51 ; 52
 30 Mar 2011 ; 16       ; 1342217448-49 ; 46, 49, 50
 30 Mar 2011 ; 8        ; 1342217446-47 ; 17, 18, 22
 30 Mar 2011 ; 48       ; 1342217444-45 ; 192, 193
 20 Mar 2011 ; 301      ; 1342216450-51 ; 339
 7 Mar 2011  ; 45       ; 1342215593-94 ; 186, 188, 189, 190
 7 Mar 2011  ; 65       ; 1342215591-92 ; 239, 240, 241, 245, 248
 7 Mar 2011  ; 25       ; 1342215589-90 ; 114, 115, 116, 118, 119
 7 Mar 2011  ; 96       ; 1342215587-88 ; 329, 335, 347, 361, 365, 366
 6 Mar 2011  ; 0        ; 1342215365-66 ; 1, 2, 354
 6 Mar 2011  ; 93       ; 1342215363-64 ; 321, 322, 323, 324, 325, 363
 6 Mar 2011  ; 66       ; 1342215361-62 ; 243, 244, 250, 251, 252, 255
 6 Mar 2011  ; 60       ; 1342215359-60 ; 219, 220, 222, 224, 225, 226
 11 Oct 2010 ; 119      ; 1342206322-23 ; 242, 246
 28 Sep 2010 ; 56       ; 1342205256-57 ; 210, 214
 28 Sep 2010 ; 61       ; 1342205254-55 ; 221, 223
 28 Sep 2010 ; 64       ; 1342205252-53 ; 234
 28 Sep 2010 ; 118      ; 1342205250-51 ; 235, 236, 237, 238
 28 Sep 2010 ; 121      ; 1342205248-49 ; 247, 253, 254, 257, 258, 261, 262, 263, 265
 28 Sep 2010 ; 76       ; 1342205246-47 ; 282
 28 Sep 2010 ; 79       ; 1342205244-45 ; 286, 288, 289, 290
 28 Sep 2010 ; 312      ; 1342205242-43 ; 136
 28 Sep 2010 ; 34       ; 1342205240-41 ; 156, 157
 28 Sep 2010 ; 38       ; 1342205238-39 ; 165, 166, 167, 168, 203
 28 Sep 2010 ; 42       ; 1342205236-37 ; 173, 174, 175, 176, 178, 179, 181, 182, 183
 28 Sep 2010 ; 15       ; 1342205234-35 ; 38, 40, 42, 43, 44, 45, 48
 28 Sep 2010 ; 200      ; 1342205232-33 ; 56, 57, 58
 28 Sep 2010 ; 130 ; 1342205230-31 ; 59, 60, 62, 63, 64, 65, 66, 67, 69, 73, 74, 75, 76, 368, 370
 28 Sep 2010 ; 130      ; 1342205228-29 ; 59, 60, 62, 63, 64, 65, 66, 67, 69, 73, 74, 75, 76, 368, 370
 28 Sep 2010 ; 135      ; 1342205226-27 ; 68, 70, 71, 72, 77, 78, 81, 82, 84, 85, 108, 349, 350, 352, 369
 28 Sep 2010 ; 89       ; 1342205220-21 ; 310
 28 Sep 2010 ; 91       ; 1342205218-19 ; 315, 316, 317, 358
 28 Sep 2010 ; 92       ; 1342205216-17 ; 320
 28 Sep 2010 ; 300      ; 1342205214-15 ; 346
 13 Sep 2010 ; 308      ; 1342204433-34 ; 47
 10 Sep 2010 ; 44       ; 1342204258-59 ; 185
 10 Sep 2010 ; 31       ; 1342204256-57 ; 139, 140, 141, 143, 144, 145, 148, 149
 10 Sep 2010 ; 30       ; 1342204254-55 ; 134, 135
 10 Sep 2010 ; 29       ; 1342204252-53 ; 129, 130, 131, 132, 133
 10 Sep 2010 ; 19       ; 1342204250-51 ; 86, 87, 88, 89, 90, 91, 92, 93, 94, 95, 96
 9 Sep 2010  ; 5        ; 1342204248-49 ; 10, 11, 12, 16
 9 Sep 2010  ; 12       ; 1342204246-47 ; 24, 28, 29, 30
 9 Sep 2010  ; 14       ; 1342204244-45 ; 32, 36, 41
 26 Aug 2010 ; 311      ; 1342203649-50 ; 199
 10 Mar 2010 ; 306      ; 1342191970-71 ; 105
 9 Oct 2009  ; 38 ; 1342185551-52 ; 165, 166, 167, 168, 203
